  1.000000000000    -35.700000000000
  2.000000000000    -14.340000000000
  3.000000000000     -3.230000000000
  4.000000000000     -3.120000000000
  5.000000000000     -0.140000000000
  6.000000000000     25.170000000000
  7.000000000000     40.600000000000
  8.000000000000    108.630000000000
  9.000000000000    118.200000000000
 10.000000000000    141.000000000000
 11.000000000000    209.640000000000
 12.000000000000    219.950000000000
 13.000000000000    276.260000000000
 14.000000000000    358.970000000000
 15.000000000000    377.280000000000
 16.000000000000    379.240000000000
 17.000000000000    388.190000000000
 18.000000000000    411.700000000000
 19.000000000000    427.830000000000
 20.000000000000    464.460000000000
 21.000000000000    485.290000000000
 22.000000000000    618.690000000000
 23.000000000000    635.090000000000
 24.000000000000    644.300000000000
 25.000000000000    661.540000000000
 26.000000000000    698.610000000000
 27.000000000000    698.950000000000
 28.000000000000    704.770000000000
 29.000000000000    740.130000000000
 30.000000000000    781.930000000000
 31.000000000000    782.460000000000
 32.000000000000    805.890000000000
 33.000000000000    861.010000000000
 34.000000000000    866.130000000000
 35.000000000000    909.290000000000
 36.000000000000    911.390000000000
 37.000000000000    914.830000000000
 38.000000000000    915.450000000000
 39.000000000000    946.390000000000
 40.000000000000    990.700000000000
 41.000000000000    1076.510000000000
 42.000000000000    1078.010000000000
 43.000000000000    1112.020000000000
 44.000000000000    1113.590000000000
 45.000000000000    1148.510000000000
 46.000000000000    1149.870000000000
 47.000000000000    1185.880000000000
 48.000000000000    1223.590000000000
 49.000000000000    1224.340000000000
 50.000000000000    1264.230000000000
 51.000000000000    1304.540000000000
 52.000000000000    1316.700000000000
 53.000000000000    1433.520000000000
 54.000000000000    1443.010000000000
 55.000000000000    1521.970000000000
 56.000000000000    1526.720000000000
 57.000000000000    1555.940000000000
 58.000000000000    1565.260000000000
 59.000000000000    1674.860000000000
 60.000000000000    1675.350000000000
 61.000000000000    1717.200000000000
 62.000000000000    1732.930000000000
 63.000000000000    1736.200000000000
 64.000000000000    1758.520000000000
 65.000000000000    3009.160000000000
 66.000000000000    3009.320000000000
 67.000000000000    3016.250000000000
 68.000000000000    3018.050000000000
 69.000000000000    3022.300000000000
 70.000000000000    3024.160000000000
 71.000000000000    3029.000000000000
 72.000000000000    3031.060000000000
